845
859
871
879
863
870
794
845
871
867
878
866
775
772
775
772
846
866
859
872
869
794
883
873
879
794
864
873
876
794
870
873
873
869
867
872
865
794
878
866
863
794
873
878
866
863
876
794
881
859
883
794
873
872
794
878
866
863
794
867
872
861
876
863
859
877
863
862
794
870
863
880
863
870
877
794
873
864
794
878
873
882
867
861
794
861
866
863
871
867
861
859
870
877
794
867
872
794
878
866
863
794
876
867
880
863
876
794
876
879
872
872
867
872
865
794
859
870
873
872
865
877
867
862
863
794
873
879
876
794
867
872
862
879
877
878
876
867
859
870
794
864
859
861
867
870
867
878
867
863
877
808
794
851
873
879
794
861
859
872
794
874
867
861
869
794
879
874
794
883
873
879
876
794
874
859
883
871
863
872
878
794
873
864
794
798
812
810
806
810
810
810
794
867
872
794
878
866
863
794
871
859
867
870
860
873
882
794
859
878
794
878
866
863
794
871
859
872
877
867
873
872
794
873
872
794
878
866
863
794
861
873
876
872
863
876
794
873
864
794
815
813
794
859
872
862
794
845
878
808
794
829
866
859
876
870
863
877
794
878
873
871
873
876
876
873
881
794
860
863
878
881
863
863
872
794
878
866
863
794
866
873
879
876
877
794
873
864
794
813
820
810
810
859
871
794
859
872
862
794
815
820
810
810
859
871
808
775
772
775
772
846
866
859
872
869
794
883
873
879
806
775
772
775
772
836
873
866
872
794
845
861
879
870
870
863
883
775
772
846
873
882
867
829
873
794
835
872
862
879
877
878
876
867
859
870
794
829
866
863
871
867
861
859
870
877
